    2_1 (1).jpg  1    139   68   
    2_1 (8).jpg  0   
    2_1 (9).jpg  2    242  137    268  356   
    2_1 (2).jpg  1    252  184   
    2_1 (7).jpg  3    541  339    502  903    572 1258   
   2_1 (17).jpg  2    626  634    616  246   
   2_1 (18).jpg  1    481  298   
   2_1 (13).jpg  2    294  210    306  388   
    2_1 (4).jpg  1    658 1842   
   2_1 (15).jpg  5    557  517    535 1256    522  220    514 1478    529  934   
   2_1 (16).jpg  1   1118  531   
    2_1 (6).jpg  1    492  670   
    2_1 (3).jpg  4    549  804    600 1357    583 1827    627  246   
   2_1 (11).jpg  2    499 1102    480  544   
   2_1 (10).jpg  2    548  310    498 1422   
   2_1 (14).jpg  4    572  940    498 1450    438 1756    622  460   
   2_1 (12).jpg  3    672  236    672 1312    600 1769   
    2_1 (5).jpg  3   1104 1246   1045 2082   1041  512   
